4.10e+03
3.28e+03
2.39e+03
2.06e+03
3.37e+03
4.05e+03
2.78e+03
1.98e+03
2.74e+03
3.24e+03
2.79e+03
2.59e+03
3.16e+03
3.05e+03
3.52e+03
2.54e+03
1.77e+03
2.00e+03
1.64e+03
1.60e+03
1.60e+03
3.99e+03
2.30e+03
3.79e+03
1.53e+03
1.84e+03
2.53e+03
2.45e+03
4.09e+03
3.60e+03
2.32e+03
2.53e+03
1.91e+03
2.91e+03
3.15e+03
2.84e+03
1.71e+03
1.38e+03
1.58e+03
2.57e+03
2.54e+03
3.53e+03
2.64e+03
3.36e+03
3.44e+03
3.37e+03
2.39e+03
1.66e+03
2.44e+03
2.42e+03
2.48e+03
2.12e+03
1.45e+03
1.79e+03
2.00e+03
1.56e+03
1.83e+03
1.47e+03
2.42e+03
2.56e+03
2.43e+03
2.21e+03
3.47e+03
1.85e+03
1.41e+03
2.86e+03
3.21e+03
2.35e+03
1.56e+03
2.57e+03
2.93e+03
2.58e+03
2.22e+03
1.60e+03
2.07e+03
1.98e+03
1.50e+03
1.96e+03
1.69e+03
1.80e+03
1.50e+03
2.13e+03
