1.00e+00
6.00e+00
1.00e+01
1.40e+01
1.80e+01
2.30e+01
3.10e+01
3.30e+01
3.80e+01
4.40e+01
5.30e+01
5.60e+01
5.90e+01
6.30e+01
6.60e+01
6.90e+01
7.20e+01
7.60e+01
8.00e+01
8.60e+01
9.00e+01
1.00e+02
1.46e+02
1.52e+02
1.57e+02
1.59e+02
1.61e+02
1.63e+02
1.67e+02
1.75e+02
1.86e+02
1.89e+02
1.93e+02
1.96e+02
1.99e+02
2.03e+02
2.08e+02
2.10e+02
2.16e+02
2.19e+02
2.21e+02
2.28e+02
2.34e+02
2.37e+02
2.42e+02
2.45e+02
2.51e+02
2.61e+02
2.67e+02
2.75e+02
2.89e+02
2.94e+02
3.01e+02
3.13e+02
3.44e+02
3.65e+02
3.73e+02
3.76e+02
3.84e+02
3.91e+02
3.94e+02
3.96e+02
4.02e+02
4.06e+02
4.28e+02
4.34e+02
4.36e+02
4.41e+02
4.50e+02
4.52e+02
4.64e+02
4.69e+02
4.72e+02
4.75e+02
4.79e+02
4.89e+02
4.94e+02
4.96e+02
5.00e+02
5.12e+02
5.15e+02
5.24e+02
